,card_name,card_num,price,status
0,奪われた記憶 善&玲(サイン入り),PQ/SE21-10SP,"2,980 円",remaining:×
0,謎の二人 玲&善(サイン入り),PQ/SE21-11SP,"2,980 円",remaining:×
0,“八高組”P4主人公,PQ/SE21-01,180 円,remaining:×
0,“月高組”P3主人公,PQ/SE21-02,220 円,remaining:×
0,“月高組”風花,PQ/SE21-09,220 円,remaining:◯
0,奪われた記憶 善&玲,PQ/SE21-10,220 円,remaining:×
0,謎の二人 玲&善,PQ/SE21-11,220 円,remaining:×
0,“八高組”完二,PQ/SE21-17,120 円,remaining:◯
0,“月高組”順平,PQ/SE21-18,120 円,remaining:◯
0,“八高組”クマ,PQ/SE21-22,120 円,remaining:◯
0,“八高組”直斗,PQ/SE21-23,420 円,remaining:◯
0,“ベルベットルームの住人”エリザベス,PQ/SE21-24,120 円,remaining:◯
0,“月高組”天田,PQ/SE21-03,80 円,remaining:◯
0,“朝の時間”菜々子,PQ/SE21-04,80 円,remaining:◯
0,“八高組”陽介,PQ/SE21-05,80 円,remaining:◯
0,“月高組”コロマル,PQ/SE21-06,50 円,remaining:◯
0,シャドウ オブ ザ ラビリンス,PQ/SE21-07,80 円,remaining:◯
0,“八高組”千枝,PQ/SE21-12,80 円,remaining:◯
0,“月高組”アイギス,PQ/SE21-13,80 円,remaining:◯
0,“八高組”りせ,PQ/SE21-14,50 円,remaining:◯
0,休息の時間,PQ/SE21-15,80 円,remaining:◯
0,“八高組”雪子,PQ/SE21-19,120 円,remaining:◯
0,“月高組”明彦,PQ/SE21-20,120 円,remaining:◯
0,“月高組”真次郎,PQ/SE21-21,50 円,remaining:◯
0,“月高組”ゆかり,PQ/SE21-25,80 円,remaining:◯
0,“ベルベットルームの住人”テオドア,PQ/SE21-26,120 円,remaining:◯
0,“月高組”美鶴,PQ/SE21-27,80 円,remaining:◯
0,“ベルベットルームの住人”マリー,PQ/SE21-28,120 円,remaining:◯
0,“ベルベットルームの住人”マーガレット,PQ/SE21-29,80 円,remaining:8pcs
0,謎に挑む者たち,PQ/SE21-08,120 円,remaining:◯
0,守りたい人,PQ/SE21-16,120 円,remaining:×
0,騒がしい食事,PQ/SE21-30,120 円,remaining:◯
0,“八高組”P4主人公(ホロ),PQ/SE21-01,220 円,remaining:×
0,“月高組”P3主人公(ホロ),PQ/SE21-02,320 円,remaining:×
0,“月高組”風花(ホロ),PQ/SE21-09,320 円,remaining:×
0,奪われた記憶 善&玲(ホロ),PQ/SE21-10,320 円,remaining:×
0,謎の二人 玲&善(ホロ),PQ/SE21-11,320 円,remaining:×
0,“八高組”完二(ホロ),PQ/SE21-17,180 円,remaining:7pcs
0,“月高組”順平(ホロ),PQ/SE21-18,180 円,remaining:9pcs
0,“八高組”クマ(ホロ),PQ/SE21-22,180 円,remaining:4pcs
0,“八高組”直斗(ホロ),PQ/SE21-23,500 円,remaining:6pcs
0,“ベルベットルームの住人”エリザベス(ホロ),PQ/SE21-24,180 円,remaining:3pcs
0,“月高組”天田(ホロ),PQ/SE21-03,120 円,remaining:◯
0,“朝の時間”菜々子(ホロ),PQ/SE21-04,120 円,remaining:◯
0,“八高組”陽介(ホロ),PQ/SE21-05,120 円,remaining:◯
0,“月高組”コロマル(ホロ),PQ/SE21-06,80 円,remaining:7pcs
0,シャドウ オブ ザ ラビリンス(ホロ),PQ/SE21-07,120 円,remaining:8pcs
0,“八高組”千枝(ホロ),PQ/SE21-12,120 円,remaining:×
0,“月高組”アイギス(ホロ),PQ/SE21-13,120 円,remaining:6pcs
0,“八高組”りせ(ホロ),PQ/SE21-14,80 円,remaining:6pcs
0,休息の時間(ホロ),PQ/SE21-15,120 円,remaining:◯
0,“八高組”雪子(ホロ),PQ/SE21-19,180 円,remaining:×
0,“月高組”明彦(ホロ),PQ/SE21-20,180 円,remaining:1pcs
0,“月高組”真次郎(ホロ),PQ/SE21-21,80 円,remaining:◯
0,“月高組”ゆかり(ホロ),PQ/SE21-25,120 円,remaining:3pcs
0,“ベルベットルームの住人”テオドア(ホロ),PQ/SE21-26,180 円,remaining:×
0,“月高組”美鶴(ホロ),PQ/SE21-27,120 円,remaining:9pcs
0,“ベルベットルームの住人”マリー(ホロ),PQ/SE21-28,180 円,remaining:6pcs
0,“ベルベットルームの住人”マーガレット(ホロ),PQ/SE21-29,120 円,remaining:◯
0,謎に挑む者たち(ホロ),PQ/SE21-08,180 円,remaining:3pcs
0,守りたい人(ホロ),PQ/SE21-16,180 円,remaining:×
0,騒がしい食事(ホロ),PQ/SE21-30,180 円,remaining:1pcs
0,“特別課外活動部”P3主人公,PQ/SE21-P01,320 円,remaining:×
